# Debug Output for VEM Method

## Table of Contents

- [Number of DOFs](#number-of-dofs)
- [Initial Stiffness Matrix (K)](#initial-stiffness-matrix)
- [Initial Forcing Vector (F)](#initial-forcing-vector)
- [Element Details](#element-details)
  - [Area, Centroid, Diameter](#area-centroid-and-diameter)
  - [D and B Matrices](#d-and-b-matrices)
  - [Projector and Stiffness Calculation](#projector-and-stiffness-calculation)
- [Boundary Conditions](#boundary-conditions)
- [Final Solution (u)](#final-solution)

[Back to top](#table-of-contents)

## Number of DOFs
Number of DOFs: 239

[Back to top](#table-of-contents)

## Initial Stiffness Matrix
Initial K: (empty sparse matrix)

[Back to top](#table-of-contents)

## Initial Forcing Vector
Initial F: (zero vector)

[Back to top](#table-of-contents)

## Element Details

### Element ID: 1 {#element-1}
- Vertex IDs: [188;189;190;231;230;226]
- Vertices: [-0.349240386308339 0.192341066412082;-0.213661665449855 0.159612074426675;-0.158143436170312 0.251851743148568;-0.208546355510817 0.364116293776014;-0.371267421008842 0.336201584959031;-0.385371057359562 0.309268823981212]
- Number of sides: 6

[Back to top](#table-of-contents)

### Area, Centroid, and Diameter
- Vertices array: [-0.349240386308339 0.192341066412082;-0.213661665449855 0.159612074426675;-0.158143436170312 0.251851743148568;-0.208546355510817 0.364116293776014;-0.371267421008842 0.336201584959031;-0.385371057359562 0.309268823981212]
- Area components: [-0.0146470699482406;-0.0285694609834664;-0.00505983870065713;0.0650709020773524;0.0147409216036799;0.0338864834234344]
- Area: 0.032711
- Centroid: [-0.270314, 0.265231]
- Diameter: 0.236693

[Back to top](#table-of-contents)

### D and B Matrices
- D Matrix: [1 -0.333454517835194 -0.3079535317516;1 0.23935033287734 -0.446229842735102;1 0.473908608932229 -0.0565276141149717;1 0.260961942187604 0.417777488892935;1 -0.426516262653034 0.29984098296229;1 -0.48610254037585 0.186053096238691]
- B Matrix: [0.166666666666667 0.166666666666667 0.166666666666667 0.166666666666667 0.166666666666667 0.166666666666667;-0.316141469486896 0.125712958818314 0.432003665814019 0.178184298538631 -0.115862196327122 -0.303897257356945;-0.362726436626595 -0.403681563383712 -0.0108058046551321 0.450212435792632 0.373532241281727 -0.0465308724089204]

[Back to top](#table-of-contents)

### Projector and Stiffness Calculation
- Projector: [0.151759335500269 0.187133722409142 0.200476619452975 0.168547140130739 0.147764045046756 0.144319137460118;-0.541449244257707 0.215306099057649 0.739884137159217 0.305172725169262 -0.19843489290151 -0.520478824226911;-0.621234396431821 -0.691377432292032 -0.0185068879878797 0.771069937490266 0.6397412844197 -0.0796925051982337]
- Stabilising Term: [0.51167381815486 -0.339302765330423 -0.00243960249934574 0.240797990872685 -0.159557061343131 -0.251172379854645;-0.339302765330423 0.437290167111814 -0.331565680365354 0.060687494093983 0.126367458862331 0.0465233256276496;-0.00243960249934574 -0.331565680365354 0.540930738782045 -0.378273661114218 0.0705355800795893 0.100812625117283;0.240797990872685 0.060687494093983 -0.378273661114218 0.396390970446282 -0.231025291319139 -0.0885775029795936;-0.159557061343131 0.126367458862331 0.0705355800795893 -0.231025291319139 0.63031761058887 -0.436638296868521;-0.251172379854645 0.0465233256276496 0.100812625117283 -0.0885775029795936 -0.436638296868521 0.629052228957826]
- Local Stiffness: [0.908186516814648 -0.156589079496666 -0.229634723338014 -0.135367213725382 -0.328874639164251 -0.0577208610903351;-0.156589079496666 0.743453256631843 -0.231081766824019 -0.212215057518592 -0.156830140512761 0.0132627877201948;-0.229634723338014 -0.231081766824019 0.86076338012884 -0.254769956254607 -0.0221019404285378 -0.123174993283663;-0.135367213725382 -0.212215057518592 -0.254769956254607 0.797913233137655 0.0216362084193175 -0.217197214058391;-0.328874639164251 -0.156830140512761 -0.0221019404285378 0.0216362084193175 0.892272708918117 -0.406102197231885;-0.0577208610903351 0.0132627877201948 -0.123174993283663 -0.217197214058391 -0.406102197231884 0.790932477944078]

[Back to top](#table-of-contents)

## Element Details

### Element ID: 2 {#element-2}
- Vertex IDs: [77;27;111;112;71;79]
- Vertices: [-0.822615361205712 0.0747053377982458;-0.709179242832967 0.0161732459737256;-0.645873235752282 0.0409712386700387;-0.609428231878764 0.13816782678727;-0.771497981485876 0.244424544331509;-0.833382721780555 0.18759412007036]
- Number of sides: 6

[Back to top](#table-of-contents)

### Area, Centroid, and Diameter
- Vertices array: [-0.822615361205712 0.0747053377982458;-0.709179242832967 0.0161732459737256;-0.645873235752282 0.0409712386700387;-0.609428231878764 0.13816782678727;-0.771497981485876 0.244424544331509;-0.833382721780555 0.18759412007036]
- Area components: [0.0396751143167959;-0.0186100853082791;-0.0642698718233904;-0.0423630184070553;0.0589707070520633;0.092059667095909]
- Area: 0.032731
- Centroid: [-0.730544, 0.124472]
- Diameter: 0.239113

[Back to top](#table-of-contents)

### D and B Matrices
- D Matrix: [1 -0.385053155532211 -0.208131510126425;1 0.0893514949846983 -0.452920356609971;1 0.354105478068357 -0.349211915000937;1 0.506523240362465 0.0572769007188897;1 -0.171273602694872 0.501656360054835;1 -0.430083662603272 0.263984109389953]
- B Matrix: [0.166666666666667 0.166666666666667 0.166666666666667 0.166666666666667 0.166666666666667 0.166666666666667;-0.358452232999962 -0.0705402024372558 0.25509862866443 0.425434137527886 0.103353604335532 -0.35489393509063;-0.259717578793985 -0.369579316800284 -0.208585872688884 0.262689540381614 0.468303451482869 0.10688977641867]

[Back to top](#table-of-contents)

### Projector and Stiffness Calculation
- Projector: [0.148699227298556 0.145760677756801 0.157995420819904 0.185506616321273 0.19330535188154 0.168732705921926;-0.626142888034433 -0.123219335828776 0.445605236571609 0.743146603693153 0.180537651462824 -0.619927267864378;-0.453673599682649 -0.645579632305281 -0.364356945514171 0.458865009974702 0.81803054519682 0.186714622330579]
- Stabilising Term: [0.489816239922484 -0.316837966919975 -0.0836052739682639 0.223324573978831 -0.00419181549770734 -0.308505757515368;-0.316837966919975 0.570367701141194 -0.340891000631569 -0.0597681622517879 0.159578927455856 -0.0124494987937183;-0.0836052739682639 -0.340891000631569 0.604476032943288 -0.333746618005002 0.0749638710157327 0.0788029886458141;0.223324573978831 -0.0597681622517879 -0.333746618005002 0.376526175319831 -0.270264901723243 0.063928932681372;-0.00419181549770734 0.159578927455856 0.0749638710157327 -0.270264901723243 0.431374164034706 -0.391460245285344;-0.308505757515368 -0.0124494987937183 0.0788029886458141 0.063928932681372 -0.391460245285344 0.569683580267244]
- Local Stiffness: [0.832085565187801 -0.10500134182234 -0.148703562348121 -0.162233294945226 -0.281362852383167 -0.134784513688947;-0.10500134182234 0.817652497482304 -0.237665293231866 -0.281776891006868 -0.155483405041483 -0.0377255663797487;-0.148703562348121 -0.237665293231866 0.794149029168724 -0.239883697058216 -0.049610836829846 -0.118285639700675;-0.162233294945226 -0.281776891006868 -0.239883697058216 0.813225148286264 0.0214300462540269 -0.150761311529982;-0.281362852383167 -0.155483405041483 -0.049610836829846 0.0214300462540269 0.833119908765744 -0.368092860765275;-0.134784513688947 -0.0377255663797487 -0.118285639700675 -0.150761311529982 -0.368092860765275 0.809649892064628]

[Back to top](#table-of-contents)

## Element Details

### Element ID: 3 {#element-3}
- Vertex IDs: [215;214;216;217;218;219]
- Vertices: [-0.309369206008652 -0.59015416187301;-0.229406913636296 -0.673335378640671;-0.118095594279993 -0.651408656537146;-0.0909745114753429 -0.55758790143784;-0.159780860476804 -0.46430333725699;-0.202346758946152 -0.459363068904978]
- Number of sides: 6

[Back to top](#table-of-contents)

### Area, Centroid, and Diameter
- Vertices array: [-0.309369206008652 -0.59015416187301;-0.229406913636296 -0.673335378640671;-0.118095594279993 -0.651408656537146;-0.0909745114753429 -0.55758790143784;-0.159780860476804 -0.46430333725699;-0.202346758946152 -0.459363068904978]
- Area components: [0.0729237866226972;0.0699197077218385;0.00658709028435975;-0.0468521053998675;-0.020552849040931;-0.0226970059632448]
- Area: 0.029664
- Centroid: [-0.191917, -0.573334]
- Diameter: 0.220809

[Back to top](#table-of-contents)

### D and B Matrices
- D Matrix: [1 -0.531918512309973 -0.0761764546081245;1 -0.169785913408577 -0.452886892918011;1 0.334319911596222 -0.3535853268278;1 0.457145657453195 0.071309368746846;1 0.145536006884575 0.493775767119813;1 -0.0472360983159352 0.516149215460358]
- B Matrix: [0.166666666666667 0.166666666666667 0.166666666666667 0.166666666666667 0.166666666666667 0.166666666666667;-0.484518054189185 -0.138704436109838 0.262098130832429 0.423680546973806 0.222419923356756 -0.284976110863969;0.0612749075463207 -0.433119211953098 -0.313465785430886 0.0943919523558236 0.252190877884565 0.338727259597274]

[Back to top](#table-of-contents)

### Projector and Stiffness Calculation
- Projector: [0.18829412278457 0.19737388571308 0.170216708081864 0.139705109725481 0.141489169133566 0.162921004561439;-0.796362702556511 -0.227977138606021 0.430789263681853 0.696369067140971 0.365573438874659 -0.468391928534951;0.100712554569608 -0.711882628888454 -0.515218076780413 0.155144332863844 0.414505522210806 0.55673829602461]
- Stabilising Term: [0.367317874543102 -0.386898069803757 0.0662166355053184 0.226580285724334 -0.0463245983524407 -0.226892127616556;-0.386898069803757 0.535256644760052 -0.304471780451787 -0.0622207592282151 0.132949556360995 0.0853844083627109;0.0662166355053184 -0.304471780451787 0.486262509004837 -0.375245698958594 -0.00772009970360691 0.134958434603833;0.226580285724334 -0.0622207592282151 -0.375245698958594 0.579783811080213 -0.244126543147302 -0.124771095470435;-0.0463245983524407 0.132949556360995 -0.00772009970360691 -0.244126543147302 0.62207574155352 -0.456854056711166;-0.226892127616556 0.0853844083627109 0.134958434603833 -0.124771095470435 -0.456854056711166 0.588174436831613]
- Local Stiffness: [0.75934113408463 -0.320059572475721 -0.174078480320317 -0.10131664503178 -0.198052742068333 0.0341663058115218;-0.320059572475721 0.875208128443601 -0.141073314953827 -0.226006229199315 -0.0972874064649998 -0.0907816053497388;-0.174078480320317 -0.141073314953827 0.760674808904691 -0.24136110824774 -0.0418372837778255 -0.162324621604982;-0.10131664503178 -0.226006229199315 -0.24136110824774 0.889466214818099 -0.0501142031020433 -0.270668029237222;-0.198052742068333 -0.0972874064649998 -0.0418372837778255 -0.0501142031020433 0.807921069343631 -0.420629433930429;0.0341663058115218 -0.0907816053497388 -0.162324621604982 -0.270668029237222 -0.420629433930429 0.910237384310849]

[Back to top](#table-of-contents)

## Element Details

### Element ID: 4 {#element-4}
- Vertex IDs: [198;58;57;106;148;199]
- Vertices: [0.402572160288853 -0.449088858187516;0.492185464111857 -0.445533771274565;0.539873395820495 -0.345631615380456;0.470911804157748 -0.250637954212256;0.333465404998677 -0.332031955758606;0.331554899993994 -0.347213227691637]
- Number of sides: 6

[Back to top](#table-of-contents)

### Area, Centroid, and Diameter
- Vertices array: [0.402572160288853 -0.449088858187516;0.492185464111857 -0.445533771274565;0.539873395820495 -0.345631615380456;0.470911804157748 -0.250637954212256;0.333465404998677 -0.332031955758606;0.331554899993994 -0.347213227691637]
- Area components: [0.0416755153108454;0.0704169730229509;0.027449244110695;-0.0727786804148807;-0.00569677770673518;-0.00911923231209111]
- Area: 0.025974
- Centroid: [0.440735, -0.358220]
- Diameter: 0.209888

[Back to top](#table-of-contents)

### D and B Matrices
- D Matrix: [1 -0.181822660727454 -0.432940750473597;1 0.245134604660234 -0.416002749955649;1 0.472340923875175 0.0599751402371893;1 0.14377751490564 0.512566798744122;1 -0.511077693180961 0.124769911042838;1 -0.520180180841948 0.0524396422868035]
- B Matrix: [0.166666666666667 0.166666666666667 0.166666666666667 0.166666666666667 0.166666666666667 0.166666666666667;-0.234221196121226 0.246457945355393 0.464284774349885 0.0323973854028242 -0.230063578228659 -0.278855330758217;-0.382657392751091 -0.327081792301314 0.0506785448772969 0.491709308528068 0.331978847873794 -0.164627516226753]

[Back to top](#table-of-contents)

### Projector and Stiffness Calculation
- Projector: [0.132642811616019 0.182006764999296 0.214262817503879 0.18367602718903 0.153094370880102 0.134317207811675;-0.397256972878359 0.418011430797363 0.787462309415782 0.0549484310875019 -0.390205336537423 -0.472959861884865;-0.649016058372216 -0.554755610700568 0.0859546687542962 0.833976406391809 0.563061389617919 -0.279220795691241]
- Stabilising Term: [0.590511738435078 -0.392988881408081 -0.0646159062816461 0.251008734294828 -0.172526032911817 -0.211389652128361;-0.392988881408081 0.490774947809295 -0.295318732589877 0.0747071877772745 0.0967957252447336 0.0260297531666558;-0.0646159062816461 -0.295318732589877 0.512129391036982 -0.393665616240935 0.104713879980855 0.136756984094622;0.251008734294828 0.0747071877772745 -0.393665616240935 0.377040562623716 -0.189262447683747 -0.119828420771137;-0.172526032911817 0.0967957252447336 0.104713879980855 -0.189262447683747 0.662214988953158 -0.501936113583182;-0.211389652128361 0.0260297531666558 0.136756984094622 -0.119828420771137 -0.501936113583182 0.670367449221403]
- Local Stiffness: [0.931908534540446 -0.278614683117066 -0.281947459733696 -0.0809885902452855 -0.296591275565136 0.00623347412073758;-0.278614683117066 0.775247645615833 -0.129356596879272 -0.184528832536039 -0.183540608756887 0.000793075673431669;-0.281947459733696 -0.129356596879272 0.882092209211006 -0.32588918557466 -0.0479173847411187 -0.0969815822822589;-0.0809885902452855 -0.184528832536039 -0.32588918557466 0.788894710238578 0.0749584461900918 -0.272446548072685;-0.296591275565136 -0.183540608756887 -0.0479173847411187 0.0749584461900918 0.93891149632845 -0.4858206734554;0.0062334741207376 0.000793075673431672 -0.0969815822822589 -0.272446548072685 -0.4858206734554 0.848222254016175]

[Back to top](#table-of-contents)

## Element Details

### Element ID: 5 {#element-5}
- Vertex IDs: [42;49;50;14;11;41]
- Vertices: [0.368328744548809 -0.810466503343589;0.424361737416803 -0.808130939234704;0.504933731127676 -0.684135050106584;0.481240487883751 -0.634699244235052;0.380379854175771 -0.610040533380507;0.307380924106641 -0.701918570613668]
- Number of sides: 6

[Back to top](#table-of-contents)

### Area, Centroid, and Diameter
- Vertices array: [0.368328744548809 -0.810466503343589;0.424361737416803 -0.808130939234704;0.504933731127676 -0.684135050106584;0.481240487883751 -0.634699244235052;0.380379854175771 -0.610040533380507;0.307380924106641 -0.701918570613668]
- Area components: [0.0462731191976383;0.117731831896531;0.00875242775614532;-0.0521493979452973;-0.0794808606402846;0.00941484313439692]
- Area: 0.025271
- Centroid: [0.405500, -0.706862]
- Diameter: 0.208910

[Back to top](#table-of-contents)

### D and B Matrices
- D Matrix: [1 -0.177927994303321 -0.495930559445242;1 0.0902885548996101 -0.484750772079553;1 0.475967438168304 0.108787923517952;1 0.362553543656498 0.345425314798581;1 -0.120242211824686 0.46346067208853;1 -0.469670648830985 0.0236624597697132]
- B Matrix: [0.166666666666667 0.166666666666667 0.166666666666667 0.166666666666667 0.166666666666667 0.166666666666667;-0.254206615924633 0.302359241481597 0.415088043439067 0.177336374285289 -0.160881427514434 -0.479695615766886;-0.279979601865297 -0.326947716235812 -0.136132494378444 0.298104824996495 0.416112096243741 0.0288428912393176]

[Back to top](#table-of-contents)

### Projector and Stiffness Calculation
- Projector: [0.175273936294587 0.148955014079535 0.145892974208307 0.161826242906653 0.178833089497106 0.189218743013813;-0.439016895512282 0.522176871919234 0.716860430764375 0.306261362305431 -0.277843535252093 -0.828438234224665;-0.483527052081561 -0.564641368024946 -0.235101926214566 0.514829460008996 0.718628978296127 0.0498119080159494]
- Stabilising Term: [0.560938050745855 -0.458393958644551 -0.0236590967157293 0.116897552607175 0.0518570609728201 -0.24763960896557;-0.458393958644551 0.570330380531701 -0.231038827141603 -0.0414861942552599 0.19281846142791 -0.0322298619181976;-0.0236590967157293 -0.231038827141603 0.559862015427601 -0.437395998837765 -0.0833951243794921 0.215627031646988;0.116897552607175 -0.0414861942552599 -0.437395998837765 0.592568967233156 -0.258723478334004 0.0281391515866976;0.0518570609728201 0.19281846142791 -0.0833951243794921 -0.258723478334004 0.489594254071347 -0.392151173758581;-0.24763960896557 -0.0322298619181976 0.215627031646988 0.0281391515866976 -0.392151173758581 0.428254461408662]
- Local Stiffness: [0.807916761620667 -0.433046708752949 -0.140066017211297 -0.105097859134801 -0.078714729406424 -0.0509914471151954;-0.433046708752949 0.912823589212455 0.0625765868109771 -0.117207557254327 -0.126144202416272 -0.299001707599884;-0.140066017211297 0.0625765868109771 0.889427220701238 -0.380355587747952 -0.296553409157561 -0.135028793395405;-0.105097859134801 -0.117207557254327 -0.380355587747952 0.800353392887096 -0.09376847768184 -0.103923911068176;-0.078714729406424 -0.126144202416272 -0.296553409157561 -0.09376847768184 0.83332432922866 -0.238143510566563;-0.0509914471151954 -0.299001707599884 -0.135028793395405 -0.103923911068176 -0.238143510566563 0.827089369745222]

[Back to top](#table-of-contents)

## Element Details

### Element ID: 6 {#element-6}
- Vertex IDs: [69;70;115;114;67;68]
- Vertices: [-1.00000000001613 0.387412250867482;-0.826527413201095 0.400725961264656;-0.783979471285222 0.515865142921428;-0.8335693257149 0.599831775894788;-1.00000000001549 0.596738684722263;-1.00000000001613 0.596738684721675]
- Number of sides: 6

[Back to top](#table-of-contents)

### Area, Centroid, and Diameter
- Vertices array: [-1.00000000001613 0.387412250867482;-0.826527413201095 0.400725961264656;-0.783979471285222 0.515865142921428;-0.8335693257149 0.599831775894788;-1.00000000001549 0.596738684722263;-1.00000000001613 0.596738684721675]
- Area components: [-0.0805191157192068;-0.112215754896933;-0.0402464391812371;0.102408712852147;9.71112079639624e-13;0.209326433857569]
- Area: 0.039377
- Centroid: [-0.903791, 0.496607]
- Diameter: 0.269854

[Back to top](#table-of-contents)

### D and B Matrices
- D Matrix: [1 -0.356520460622726 -0.404642800901682;1 0.286318022486545 -0.355306098466958;1 0.443988205094615 0.071365909148864;1 0.260222761894224 0.382521602180296;1 -0.356520460620346 0.371059514285192;1 -0.356520460622726 0.371059514283014]
- B Matrix: [0.166666666666667 0.166666666666667 0.166666666666667 0.166666666666667 0.166666666666667 0.166666666666667;-0.363182806374986 0.238004355025273 0.368913850323627 0.149846802568164 -0.00573104394864097 -0.387851157593437;-0.321419241554636 -0.400254332858671 0.0130476302961603 0.40025433285748 0.308371611258475 1.19022666693084e-12]

[Back to top](#table-of-contents)

### Projector and Stiffness Calculation
- Projector: [0.201019383207201 0.226259732291221 0.173899619553967 0.116521499525284 0.125080997238832 0.157218768183495;-0.671647694092633 0.440150451592906 0.682246330331139 0.277117357004358 -0.010598636238506 -0.717267808597264;-0.594412754782994 -0.740205469521993 0.0241294759772879 0.740205469519792 0.570283278805706 2.2011014495061e-12]
- Stabilising Term: [0.306790579360919 -0.355665843008897 0.0782476521363426 0.269152154975205 -0.146346544766942 -0.152177998696628;-0.355665843008897 0.507756114803021 -0.31468881421449 -0.120786163717751 0.137966038716113 0.145418667422004;0.0782476521363426 -0.31468881421449 0.545637977356424 -0.380213094649525 0.0370640652204904 0.0339522141507574;0.269152154975205 -0.120786163717751 -0.380213094649525 0.619398572054867 -0.191911285158893 -0.195640183503903;-0.146346544766942 0.137966038716113 0.0370640652204904 -0.191911285158893 0.709641098102875 -0.546413372113643;-0.152177998696628 0.145418667422004 0.0339522141507574 -0.195640183503903 -0.546413372113643 0.714860672741411]
- Local Stiffness: [0.741777170609521 -0.277604638637274 -0.177288162620087 -0.069408385044501 -0.325797321259114 0.108321336951455;-0.277604638637274 0.908784285530338 -0.161969143705186 -0.351101472278604 -0.0928148361648137 -0.0252941947444595;-0.177288162620087 -0.161969143705186 0.797642930429841 -0.26832273617605 0.0405949269035025 -0.230657814832021;-0.069408385044501 -0.351101472278604 -0.26832273617605 0.957194168318213 0.0347588963873379 -0.303120471206395;-0.325797321259114 -0.0928148361648137 0.0405949269035025 0.0347588963873379 0.885561012912035 -0.542302678778948;0.108321336951455 -0.0252941947444596 -0.230657814832021 -0.303120471206395 -0.542302678778948 0.993053822610368]

[Back to top](#table-of-contents)

## Element Details

### Element ID: 7 {#element-7}
- Vertex IDs: [118;26;27;77;119]
- Vertices: [-0.833777405216989 -0.126708110010674;-0.750793416141781 -0.118470888426417;-0.709179242832967 0.0161732459737256;-0.822615361205712 0.0747053377982458;-0.920841915723186 -0.00815458806076752]
- Number of sides: 5

[Back to top](#table-of-contents)

### Area, Centroid, and Diameter
- Vertices array: [-0.833777405216989 -0.126708110010674;-0.750793416141781 -0.118470888426417;-0.709179242832967 0.0161732459737256;-0.822615361205712 0.0747053377982458;-0.920841915723186 -0.00815458806076752]
- Area components: [0.00364673517814627;-0.0961598615467097;-0.0396751143167959;0.0754998957759765;0.109879027485973]
- Area: 0.026595
- Centroid: [-0.808665, -0.027930]
- Diameter: 0.213056

[Back to top](#table-of-contents)

### D and B Matrices
- D Matrix: [1 -0.117867749419307 -0.4636260887191;1 0.271625734683832 -0.424963882070124;1 0.466945934770045 0.207001556154759;1 -0.065477602113608 0.481727664535928;1 -0.526513560698152 0.0928164832946196]
- B Matrix: [0.2 0.2 0.2 0.2 0.2;-0.258890182682372 0.33531382243693 0.453345773303026 -0.0570925364300699 -0.472676876627514;-0.399069647690992 -0.292406842094676 0.16855166839872 0.496729747734099 0.0261950736528493]

[Back to top](#table-of-contents)

### Projector and Stiffness Calculation
- Projector: [0.187955225559147 0.186028728386502 0.201715567103549 0.218710405273005 0.205590073677797;-0.44187378417621 0.572313658523617 0.773770601550656 -0.0974455456718671 -0.806764930226197;-0.681132106084657 -0.499080021098798 0.287684000887483 0.847818372523809 0.0447097537721627]
- Stabilising Term: [0.490511743696991 -0.418305714494098 0.077635657561829 0.122100622599657 -0.271942309364379;-0.418305714494098 0.478798476280488 -0.267064735146597 0.117363940061749 0.0892080332984584;0.077635657561829 -0.267064735146597 0.342785313559404 -0.345122649192871 0.191766413218235;0.122100622599657 0.117363940061749 -0.345122649192871 0.432280148276599 -0.326622061745134;-0.271942309364379 0.0892080332984584 0.191766413218235 -0.326622061745134 0.317589924592819]
- Local Stiffness: [0.876727678011148 -0.367304413911384 -0.237491907708372 -0.191010261508797 -0.0809210948825956;-0.367304413911384 0.816637569674949 -0.0917295272719942 -0.163218791316472 -0.194384837175099;-0.237491907708372 -0.0917295272719942 0.742060563599738 -0.246397974262444 -0.166441154356928;-0.191010261508797 -0.163218791316472 -0.246397974262444 0.858980167950904 -0.258353140863192;-0.0809210948825957 -0.194384837175099 -0.166441154356928 -0.258353140863192 0.700100227277815]

[Back to top](#table-of-contents)

## Element Details

### Element ID: 8 {#element-8}
- Vertex IDs: [151;152;188;226;227]
- Vertices: [-0.567333838915882 0.161848306447211;-0.425212425907223 0.0970633573057127;-0.349240386308339 0.192341066412082;-0.385371057359562 0.309268823981212;-0.537295355594762 0.279870320918376]
- Number of sides: 5

[Back to top](#table-of-contents)

### Area, Centroid, and Diameter
- Vertices array: [-0.567333838915882 0.161848306447211;-0.425212425907223 0.0970633573057127;-0.349240386308339 0.192341066412082;-0.385371057359562 0.309268823981212;-0.537295355594762 0.279870320918376]
- Area components: [0.0137525838950803;-0.0478873670488323;-0.0338864834234344;0.0583147812594845;0.0718195602002781]
- Area: 0.031057
- Centroid: [-0.455134, 0.208135]
- Diameter: 0.234186

[Back to top](#table-of-contents)

### D and B Matrices
- D Matrix: [1 -0.479106537562577 -0.197647500808583;1 0.127766543822461 -0.474285910746701;1 0.45217498301854 -0.0674402730019725;1 0.29789329379815 0.431853303055401;1 -0.350839117845111 0.3063186650008]
- B Matrix: [0.2 0.2 0.2 0.2 0.2;-0.39030228787375 0.0651036139033052 0.453069606901051 0.186879469001386 -0.314750401931992;-0.239302830833786 -0.465640760290558 -0.0850633749878443 0.401507050431825 0.388499915680363]

[Back to top](#table-of-contents)

### Projector and Stiffness Calculation
- Projector: [0.206499872530575 0.198701229640851 0.192300833034196 0.197009594945548 0.20548846984883;-0.689241387899468 0.114967568979508 0.80008325438399 0.330013603779067 -0.555823039243096;-0.422588901926965 -0.822282866015484 -0.150214847459463 0.709028066934026 0.686058548467886]
- Stabilising Term: [0.386318129533099 -0.273863356902337 0.102126291481228 0.152012954653984 -0.366594018765974;-0.273863356902337 0.368414097952303 -0.35998529135069 0.119649403054101 0.145785147246623;0.102126291481228 -0.35998529135069 0.501584255061124 -0.335097724782268 0.0913724695906066;0.152012954653984 0.119649403054101 -0.335097724782268 0.356574793791788 -0.293139426717605;-0.366594018765974 0.145785147246623 0.0913724695906066 -0.293139426717605 0.422575828646349]
- Local Stiffness: [0.756457340637605 -0.121960844522699 -0.174201194964004 -0.146464533488367 -0.313830767662535;-0.121960844522699 0.758787321079896 -0.23795082428882 -0.189017886857133 -0.209857765411244;-0.174201194964004 -0.23795082428882 0.876855442511178 -0.245890911380603 -0.21881251187775;-0.146464533488367 -0.189017886857133 -0.245890911380603 0.702927328657313 -0.121553996931211;-0.313830767662535 -0.209857765411244 -0.21881251187775 -0.121553996931211 0.864055041882741]

[Back to top](#table-of-contents)

## Element Details

### Element ID: 9 {#element-9}
- Vertex IDs: [113;110;108;189;188;152]
- Vertices: [-0.411685296093303 0.0318908594790617;-0.27006352118847 -0.00821611393094768;-0.196152458816171 0.102360687637935;-0.213661665449855 0.159612074426675;-0.349240386308339 0.192341066412082;-0.425212425907223 0.0970633573057127]
- Number of sides: 6

[Back to top](#table-of-contents)

### Area, Centroid, and Diameter
- Vertices array: [-0.411685296093303 0.0318908594790617;-0.27006352118847 -0.00821611393094768;-0.196152458816171 0.102360687637935;-0.213661665449855 0.159612074426675;-0.349240386308339 0.192341066412082;-0.425212425907223 0.0970633573057127]
- Area components: [0.0119950111010406;-0.0292554986842431;-0.00943774585822816;0.0146470699482406;0.0478873670488323;0.0263991672688542]
- Area: 0.031118
- Centroid: [-0.311159, 0.093599]
- Diameter: 0.235640

[Back to top](#table-of-contents)

### D and B Matrices
- D Matrix: [1 -0.426610880997524 -0.261874447773438;1 0.174398950552558 -0.432079102737912;1 0.488060286713001 0.0371830917863396;1 0.413755291336705 0.280144644506821;1 -0.161609226158497 0.419038864503514;1 -0.484016869704297 0.0147024555086642]
- B Matrix: [0.166666666666667 0.166666666666667 0.166666666666667 0.166666666666667 0.166666666666667 0.166666666666667;-0.223390779123288 0.149528769779889 0.356111873622367 0.190927886358587 -0.132721094499079 -0.340456656138476;-0.329207910128428 -0.457335583855262 -0.119678170392074 0.324834756435749 0.448886080520501 0.132500827419514]

[Back to top](#table-of-contents)

### Projector and Stiffness Calculation
- Projector: [0.172522861477234 0.174258111763798 0.16827827534735 0.16092315536691 0.159198863175416 0.164818732869292;-0.398616131424665 0.266817547171244 0.635442241505388 0.340689690684794 -0.236826110080723 -0.607507237856038;-0.587435095059895 -0.81606475394678 -0.213552454962082 0.579631686101197 0.800987550021977 0.236433067845582]
- Stabilising Term: [0.534897219231742 -0.297338289697064 0.0704575463103201 0.125055389706274 -0.0486821229829551 -0.384389742568317;-0.297338289697064 0.380978290117117 -0.295310684126624 -0.0322871824880035 0.255199187865632 -0.0112413216710577;0.0704575463103201 -0.295310684126624 0.579286510077963 -0.39740831817571 -0.0494297140597997 0.09240465997385;0.125055389706274 -0.0322871824880035 -0.39740831817571 0.549748025849497 -0.288943093436454 0.0438351785443961;-0.0486821229829551 0.255199187865632 -0.0494297140597997 -0.288943093436454 0.441124852155164 -0.309269109541587;-0.384389742568317 -0.0112413216710577 0.09240465997385 0.0438351785443961 -0.309269109541587 0.568660335262716]
- Local Stiffness: [0.817332667382571 -0.0882878972671243 -0.00119123370655477 -0.141870881760666 -0.259468791116909 -0.326513863531317;-0.0882878972671242 0.794090640411272 -0.10262865081434 -0.246430467747317 -0.146533237876592 -0.2102103867059;-0.00119123370655473 -0.10262865081434 0.831132604371841 -0.345453933795987 -0.229627028336803 -0.152231757718157;-0.141870881760666 -0.246430467747317 -0.345453933795987 0.803079705973231 -0.073971206349237 0.00464678367997592;-0.259468791116909 -0.146533237876592 -0.229627028336803 -0.073971206349237 0.832108834566121 -0.12250857088658;-0.326513863531317 -0.2102103867059 -0.152231757718157 0.00464678367997595 -0.12250857088658 0.806817795161978]

[Back to top](#table-of-contents)

## Element Details

### Element ID: 10 {#element-10}
- Vertex IDs: [170;171;169;195;196;201;200]
- Vertices: [0.033181811528918 -0.53199434574966;0.0857825056769932 -0.593130241122579;0.179944961256542 -0.587274567245258;0.228862093856172 -0.520204466626138;0.206299666460021 -0.43095585041429;0.132701825648017 -0.389976120301759;0.0494288772462801 -0.435833914103659]
- Number of sides: 7

[Back to top](#table-of-contents)

### Area, Centroid, and Diameter
- Vertices array: [0.033181811528918 -0.53199434574966;0.0857825056769932 -0.593130241122579;0.179944961256542 -0.587274567245258;0.228862093856172 -0.520204466626138;0.206299666460021 -0.43095585041429;0.132701825648017 -0.389976120301759;0.0494288772462801 -0.435833914103659]
- Area components: [0.0259546721113674;0.0563529143602158;0.0407967145357063;0.00868854967060381;-0.0232633154219559;-0.0385598743015002;-0.0118341244160768]
- Area: 0.029068
- Centroid: [0.129779, -0.497533]
- Diameter: 0.208502

[Back to top](#table-of-contents)

### D and B Matrices
- D Matrix: [1 -0.463289846593808 -0.165280049863502;1 -0.211010572359181 -0.458495178754127;1 0.240603923200249 -0.430410660482055;1 0.475216391908995 -0.108734367401159;1 0.367004268463458 0.319312761805669;1 0.0140201459912379 0.515856490715728;1 -0.385366959567261 0.295916979921879]
- B Matrix: [0.142857142857143 0.142857142857143 0.142857142857143 0.142857142857143 0.142857142857143 0.142857142857143 0.142857142857143;-0.377206079338003 -0.132565305309277 0.174880405676484 0.374861711143862 0.312295429058443 -0.0116978909418949 -0.340568270289615;-0.0871781936040402 -0.351946884897028 -0.343113482134088 -0.0632001726316044 0.230598122958879 0.376185614015359 0.238654996292523]

[Back to top](#table-of-contents)

### Projector and Stiffness Calculation
- Projector: [0.145260379762875 0.141516368942522 0.139134385381375 0.139449736248919 0.141944959658804 0.145508668320005 0.147185501685499;-0.564139876524823 -0.198261319382496 0.261546713770059 0.560633698719066 0.467061148901656 -0.0174950699711498 -0.509345295512313;-0.130381502497925 -0.526362863868887 -0.513151850004198 -0.0945205804935943 0.34487672319912 0.562613694385542 0.356926379279942]
- Stabilising Term: [0.568765617404563 -0.338861465393434 -0.080582535931186 0.10530513946174 0.112708268599215 -0.0540264495984868 -0.313308574542411;-0.338861465393434 0.578543667528954 -0.300176910140204 -0.0816152027015341 0.109835943662963 0.120743604924781 -0.0884696378815254;-0.080582535931186 -0.300176910140204 0.580205099095814 -0.336034167477137 -0.0951867199651428 0.109338029463341 0.122437204954515;0.10530513946174 -0.0816152027015341 -0.336034167477137 0.575120571545065 -0.306997997316322 -0.0780678981865078 0.122289554674695;0.112708268599215 0.109835943662963 -0.0951867199651428 -0.306997997316322 0.591196318891795 -0.328968218336642 -0.082587595535867;-0.0540264495984868 0.120743604924781 0.109338029463341 -0.0780678981865078 -0.328968218336642 0.553311347103068 -0.322330415369554;-0.313308574542411 -0.0884696378815254 0.122437204954515 0.122289554674695 -0.082587595535867 -0.322330415369554 0.561969463700146]
- Local Stiffness: [0.792929032293867 -0.218188726772445 -0.134503895068191 -0.0979291665110058 -0.0935357659336619 -0.0964748484203524 -0.15229662958821;-0.218188726772445 0.790078010128048 -0.154246735015646 -0.122669556275517 -0.0734584485427116 -0.0749472929224862 -0.146567250599243;-0.134503895068191 -0.154246735015646 0.802013812621763 -0.205559033302746 -0.13183873017334 -0.0867618592474992 -0.0891035598143397;-0.0979291665110058 -0.122669556275517 -0.205559033302746 0.791254396176241 -0.153710924273035 -0.120183412662546 -0.0912023031513921;-0.0935357659336619 -0.0734584485427116 -0.13183873017334 -0.153710924273035 0.816585305806493 -0.204694186843423 -0.159347250040321;-0.0964748484203524 -0.0749472929224862 -0.0867618592474992 -0.120183412662546 -0.204694186843423 0.765163180599487 -0.18210158050318;-0.15229662958821 -0.146567250599243 -0.0891035598143397 -0.0912023031513922 -0.159347250040321 -0.18210158050318 0.820618573696686]

[Back to top](#table-of-contents)

## Element Details

### Element ID: 11 {#element-11}
- Vertex IDs: [84;83;9;94;95;37]
- Vertices: [-0.533714533747759 -1.0000000000126;-0.533714533746241 -1.00000000001454;-0.343390075295931 -1.00000000001454;-0.34994175017892 -0.827833897751167;-0.403243777893811 -0.80091760793217;-0.540871075244798 -0.872052797435161]
- Number of sides: 6

[Back to top](#table-of-contents)

### Area, Centroid, and Diameter
- Vertices array: [-0.533714533747759 -1.0000000000126;-0.533714533746241 -1.00000000001454;-0.343390075295931 -1.00000000001454;-0.34994175017892 -0.827833897751167;-0.403243777893811 -0.80091760793217;-0.540871075244798 -0.872052797435161]
- Area components: [2.55273580052062e-12;0.190324458453077;-0.0656718057027113;-0.053544358928841;-0.0815433032241442;0.0754438230650775]
- Area: 0.032504
- Centroid: [-0.436648, -0.913807]
- Diameter: 0.251821

[Back to top](#table-of-contents)

### D and B Matrices
- D Matrix: [1 -0.385459756690339 -0.342278009551273;1 -0.385459756684311 -0.342278009558971;1 0.370334154583036 -0.342278009558971;1 0.344316920510836 0.341407591738885;1 0.132650231252213 0.448294368797104;1 -0.413878965305117 0.165810742987939]
- B Matrix: [0.166666666666667 0.166666666666667 0.166666666666667 0.166666666666667 0.166666666666667 0.166666666666667;-0.254044376273455 -3.84931103039294e-12 0.341842800648928 0.395286189178038 -0.0877984243754728 -0.395286189174188;-0.0142096043104031 -0.377896955636687 -0.364888338597573 0.118841961665411 0.379097942907976 0.259054993971276]

[Back to top](#table-of-contents)

### Projector and Stiffness Calculation
- Projector: [0.13845868811748 0.157903083162727 0.195718078858755 0.212800778484461 0.165823233023765 0.129296138352811;-0.495621078106288 -7.50975181534776e-12 0.666909064808917 0.771173013607922 -0.171287986702629 -0.771173013600412;-0.0277218473051538 -0.737247953735984 -0.711869140411427 0.231851545107522 0.739590987716581 0.505396408628462]
- Stabilising Term: [0.673399634478179 -0.480111653915533 -0.124477197316865 0.0585035378311685 0.0873995724930438 -0.214713893569994;-0.480111653915533 0.724274687154997 -0.179539371493483 0.16807256157252 0.0117583576820675 -0.244454581000568;-0.124477197316865 -0.179539371493483 0.23864147981476 -0.273001625905299 0.0521158624901935 0.286260852410694;0.0585035378311685 0.16807256157252 -0.273001625905299 0.605283889530612 -0.459758441135332 -0.0990999218936681;0.0873995724930438 0.0117583576820675 0.0521158624901935 -0.459758441135332 0.557882410374316 -0.249397761904288;-0.214713893569994 -0.244454581000568 0.286260852410694 -0.0990999218936681 -0.249397761904288 0.521405305957825]
- Local Stiffness: [0.799703298614629 -0.469635652212382 -0.283786315911326 -0.14070314812451 0.120405026951056 -0.0259832093174659;-0.469635652212382 1.0028784444212 0.0894738094771335 0.0804565685137563 -0.2677308249917 -0.435442345208011;-0.283786315911326 0.0894738094771336 0.726372290250806 -0.0939816082442575 -0.276305829351391 -0.161772346220965;-0.14070314812451 0.0804565685137563 -0.0939816082442575 0.937671623712365 -0.439571772840695 -0.343871663016658;0.120405026951056 -0.2677308249917 -0.276305829351391 -0.439571772840695 0.853298647757888 0.00990475247484182;-0.0259832093174659 -0.435442345208011 -0.161772346220965 -0.343871663016658 0.00990475247484188 0.957164811288257]

[Back to top](#table-of-contents)

## Element Details

### Element ID: 12 {#element-12}
- Vertex IDs: [30;81;82;29;28;33;32]
- Vertices: [-1.00000000001918 -1.00000000001352;-0.765355487074917 -1.00000000001352;-0.765355487074332 -1.0000000000126;-0.763263456342671 -0.906568626414713;-0.838512558585872 -0.817568470574008;-1.00000000001386 -0.845811297798948;-1.00000000001918 -0.845811297804726]
- Number of sides: 7

[Back to top](#table-of-contents)

### Area, Centroid, and Diameter
- Vertices array: [-1.00000000001918 -1.00000000001352;-0.765355487074917 -1.00000000001352;-0.765355487074332 -1.0000000000126;-0.763263456342671 -0.906568626414713;-0.838512558585872 -0.817568470574008;-1.00000000001386 -0.845811297798948;-1.00000000001918 -0.845811297804726]
- Area components: [0.234644512947433;-1.15130127653629e-13;-0.0694161837163481;-0.136149041821572;-0.108345075187107;1.27975408048542e-12;0.154188702211747]
- Area: 0.037461
- Centroid: [-0.886348, -0.919109]
- Diameter: 0.280771

[Back to top](#table-of-contents)

### D and B Matrices
- D Matrix: [1 -0.40478400237794 -0.288103998830809;1 0.430931715467491 -0.288103998830809;1 0.430931715469575 -0.288103998827552;1 0.438382744017941 0.0446634990179756;1 0.170373674854924 0.361648661779648;1 -0.404784002358998 0.261058307749584;1 -0.40478400237794 0.261058307729004]
- B Matrix: [0.142857142857143 0.142857142857143 0.142857142857143 0.142857142857143 0.142857142857143 0.142857142857143 0.142857142857143;-0.274581153279907 1.62873410037403e-12 0.166383748924392 0.3248763303036 0.108197404365804 -0.0502951770253219 -0.274581153290197;-0.417857858922716 -0.417857858923757 -0.00372551427522493 0.130279020307325 0.42158337318847 0.287578838616432 9.47109472497178e-12]

[Back to top](#table-of-contents)

### Projector and Stiffness Calculation
- Projector: [0.172064994520166 0.15091132106975 0.13011078335016 0.115317621568524 0.126395650700493 0.141188812482844 0.164010816308063;-0.577816212112014 3.42740596695797e-12 0.35013046748509 0.68365511739809 0.227685744648578 -0.105838905289503 -0.577816212133667;-0.879321258432591 -0.879321258434783 -0.00783980444748623 0.274153302702846 0.887161062860147 0.605167955731937 1.99305338164839e-11]
