# Debug Output for VEM Method

## Table of Contents

- [Number of DOFs](#number-of-dofs)
- [Initial Stiffness Matrix (K)](#initial-stiffness-matrix)
- [Initial Forcing Vector (F)](#initial-forcing-vector)
- [Element 1 Details](#element-1-details)
  - [Area, Centroid, Diameter](#element-1-area-centroid-diameter)
  - [D and B Matrices](#element-1-d-and-b-matrices)
  - [K and F Matrices](#element-1-k-and-f-matrices)
- [Element 2 Details](#element-2-details)
  - [Area, Centroid, Diameter](#element-2-area-centroid-diameter)
  - [D and B Matrices](#element-2-d-and-b-matrices)
  - [K and F Matrices](#element-2-k-and-f-matrices)
- [Element 3 Details](#element-3-details)
  - [Area, Centroid, Diameter](#element-3-area-centroid-diameter)
  - [D and B Matrices](#element-3-d-and-b-matrices)
  - [K and F Matrices](#element-3-k-and-f-matrices)
- [Element 4 Details](#element-4-details)
  - [Area, Centroid, Diameter](#element-4-area-centroid-diameter)
  - [D and B Matrices](#element-4-d-and-b-matrices)
  - [K and F Matrices](#element-4-k-and-f-matrices)
- [Element 5 Details](#element-5-details)
  - [Area, Centroid, Diameter](#element-5-area-centroid-diameter)
  - [D and B Matrices](#element-5-d-and-b-matrices)
  - [K and F Matrices](#element-5-k-and-f-matrices)
- [Element 6 Details](#element-6-details)
  - [Area, Centroid, Diameter](#element-6-area-centroid-diameter)
  - [D and B Matrices](#element-6-d-and-b-matrices)
  - [K and F Matrices](#element-6-k-and-f-matrices)
- [Element 7 Details](#element-7-details)
  - [Area, Centroid, Diameter](#element-7-area-centroid-diameter)
  - [D and B Matrices](#element-7-d-and-b-matrices)
  - [K and F Matrices](#element-7-k-and-f-matrices)
- [Element 8 Details](#element-8-details)
  - [Area, Centroid, Diameter](#element-8-area-centroid-diameter)
  - [D and B Matrices](#element-8-d-and-b-matrices)
  - [K and F Matrices](#element-8-k-and-f-matrices)
- [Element 9 Details](#element-9-details)
  - [Area, Centroid, Diameter](#element-9-area-centroid-diameter)
  - [D and B Matrices](#element-9-d-and-b-matrices)
  - [K and F Matrices](#element-9-k-and-f-matrices)
- [Element 10 Details](#element-10-details)
  - [Area, Centroid, Diameter](#element-10-area-centroid-diameter)
  - [D and B Matrices](#element-10-d-and-b-matrices)
  - [K and F Matrices](#element-10-k-and-f-matrices)
- [Element 11 Details](#element-11-details)
  - [Area, Centroid, Diameter](#element-11-area-centroid-diameter)
  - [D and B Matrices](#element-11-d-and-b-matrices)
  - [K and F Matrices](#element-11-k-and-f-matrices)
- [Element 12 Details](#element-12-details)
  - [Area, Centroid, Diameter](#element-12-area-centroid-diameter)
  - [D and B Matrices](#element-12-d-and-b-matrices)
  - [K and F Matrices](#element-12-k-and-f-matrices)
- [Element 13 Details](#element-13-details)
  - [Area, Centroid, Diameter](#element-13-area-centroid-diameter)
  - [D and B Matrices](#element-13-d-and-b-matrices)
  - [K and F Matrices](#element-13-k-and-f-matrices)
- [Element 14 Details](#element-14-details)
  - [Area, Centroid, Diameter](#element-14-area-centroid-diameter)
  - [D and B Matrices](#element-14-d-and-b-matrices)
  - [K and F Matrices](#element-14-k-and-f-matrices)
- [Element 15 Details](#element-15-details)
  - [Area, Centroid, Diameter](#element-15-area-centroid-diameter)
  - [D and B Matrices](#element-15-d-and-b-matrices)
  - [K and F Matrices](#element-15-k-and-f-matrices)
- [Element 16 Details](#element-16-details)
  - [Area, Centroid, Diameter](#element-16-area-centroid-diameter)
  - [D and B Matrices](#element-16-d-and-b-matrices)
  - [K and F Matrices](#element-16-k-and-f-matrices)
- [Element 17 Details](#element-17-details)
  - [Area, Centroid, Diameter](#element-17-area-centroid-diameter)
  - [D and B Matrices](#element-17-d-and-b-matrices)
  - [K and F Matrices](#element-17-k-and-f-matrices)
- [Element 18 Details](#element-18-details)
  - [Area, Centroid, Diameter](#element-18-area-centroid-diameter)
  - [D and B Matrices](#element-18-d-and-b-matrices)
  - [K and F Matrices](#element-18-k-and-f-matrices)
- [Element 19 Details](#element-19-details)
  - [Area, Centroid, Diameter](#element-19-area-centroid-diameter)
  - [D and B Matrices](#element-19-d-and-b-matrices)
  - [K and F Matrices](#element-19-k-and-f-matrices)
- [Element 20 Details](#element-20-details)
  - [Area, Centroid, Diameter](#element-20-area-centroid-diameter)
  - [D and B Matrices](#element-20-d-and-b-matrices)
  - [K and F Matrices](#element-20-k-and-f-matrices)
- [Element 21 Details](#element-21-details)
  - [Area, Centroid, Diameter](#element-21-area-centroid-diameter)
  - [D and B Matrices](#element-21-d-and-b-matrices)
  - [K and F Matrices](#element-21-k-and-f-matrices)
- [Element 22 Details](#element-22-details)
  - [Area, Centroid, Diameter](#element-22-area-centroid-diameter)
  - [D and B Matrices](#element-22-d-and-b-matrices)
  - [K and F Matrices](#element-22-k-and-f-matrices)
- [Element 23 Details](#element-23-details)
  - [Area, Centroid, Diameter](#element-23-area-centroid-diameter)
  - [D and B Matrices](#element-23-d-and-b-matrices)
  - [K and F Matrices](#element-23-k-and-f-matrices)
- [Element 24 Details](#element-24-details)
  - [Area, Centroid, Diameter](#element-24-area-centroid-diameter)
  - [D and B Matrices](#element-24-d-and-b-matrices)
  - [K and F Matrices](#element-24-k-and-f-matrices)
- [Element 25 Details](#element-25-details)
  - [Area, Centroid, Diameter](#element-25-area-centroid-diameter)
  - [D and B Matrices](#element-25-d-and-b-matrices)
  - [K and F Matrices](#element-25-k-and-f-matrices)
- [Element 26 Details](#element-26-details)
  - [Area, Centroid, Diameter](#element-26-area-centroid-diameter)
  - [D and B Matrices](#element-26-d-and-b-matrices)
  - [K and F Matrices](#element-26-k-and-f-matrices)
- [Element 27 Details](#element-27-details)
  - [Area, Centroid, Diameter](#element-27-area-centroid-diameter)
  - [D and B Matrices](#element-27-d-and-b-matrices)
  - [K and F Matrices](#element-27-k-and-f-matrices)
- [Element 28 Details](#element-28-details)
  - [Area, Centroid, Diameter](#element-28-area-centroid-diameter)
  - [D and B Matrices](#element-28-d-and-b-matrices)
  - [K and F Matrices](#element-28-k-and-f-matrices)
- [Element 29 Details](#element-29-details)
  - [Area, Centroid, Diameter](#element-29-area-centroid-diameter)
  - [D and B Matrices](#element-29-d-and-b-matrices)
  - [K and F Matrices](#element-29-k-and-f-matrices)
- [Element 30 Details](#element-30-details)
  - [Area, Centroid, Diameter](#element-30-area-centroid-diameter)
  - [D and B Matrices](#element-30-d-and-b-matrices)
  - [K and F Matrices](#element-30-k-and-f-matrices)
- [Element 31 Details](#element-31-details)
  - [Area, Centroid, Diameter](#element-31-area-centroid-diameter)
  - [D and B Matrices](#element-31-d-and-b-matrices)
  - [K and F Matrices](#element-31-k-and-f-matrices)
- [Element 32 Details](#element-32-details)
  - [Area, Centroid, Diameter](#element-32-area-centroid-diameter)
  - [D and B Matrices](#element-32-d-and-b-matrices)
  - [K and F Matrices](#element-32-k-and-f-matrices)
- [Element 33 Details](#element-33-details)
  - [Area, Centroid, Diameter](#element-33-area-centroid-diameter)
  - [D and B Matrices](#element-33-d-and-b-matrices)
  - [K and F Matrices](#element-33-k-and-f-matrices)
- [Element 34 Details](#element-34-details)
  - [Area, Centroid, Diameter](#element-34-area-centroid-diameter)
  - [D and B Matrices](#element-34-d-and-b-matrices)
  - [K and F Matrices](#element-34-k-and-f-matrices)
- [Element 35 Details](#element-35-details)
  - [Area, Centroid, Diameter](#element-35-area-centroid-diameter)
  - [D and B Matrices](#element-35-d-and-b-matrices)
  - [K and F Matrices](#element-35-k-and-f-matrices)
- [Element 36 Details](#element-36-details)
  - [Area, Centroid, Diameter](#element-36-area-centroid-diameter)
  - [D and B Matrices](#element-36-d-and-b-matrices)
  - [K and F Matrices](#element-36-k-and-f-matrices)
- [Element 37 Details](#element-37-details)
  - [Area, Centroid, Diameter](#element-37-area-centroid-diameter)
  - [D and B Matrices](#element-37-d-and-b-matrices)
  - [K and F Matrices](#element-37-k-and-f-matrices)
- [Element 38 Details](#element-38-details)
  - [Area, Centroid, Diameter](#element-38-area-centroid-diameter)
  - [D and B Matrices](#element-38-d-and-b-matrices)
  - [K and F Matrices](#element-38-k-and-f-matrices)
- [Element 39 Details](#element-39-details)
  - [Area, Centroid, Diameter](#element-39-area-centroid-diameter)
  - [D and B Matrices](#element-39-d-and-b-matrices)
  - [K and F Matrices](#element-39-k-and-f-matrices)
- [Element 40 Details](#element-40-details)
  - [Area, Centroid, Diameter](#element-40-area-centroid-diameter)
  - [D and B Matrices](#element-40-d-and-b-matrices)
  - [K and F Matrices](#element-40-k-and-f-matrices)
- [Element 41 Details](#element-41-details)
  - [Area, Centroid, Diameter](#element-41-area-centroid-diameter)
  - [D and B Matrices](#element-41-d-and-b-matrices)
  - [K and F Matrices](#element-41-k-and-f-matrices)
- [Element 42 Details](#element-42-details)
  - [Area, Centroid, Diameter](#element-42-area-centroid-diameter)
  - [D and B Matrices](#element-42-d-and-b-matrices)
  - [K and F Matrices](#element-42-k-and-f-matrices)
- [Element 43 Details](#element-43-details)
  - [Area, Centroid, Diameter](#element-43-area-centroid-diameter)
  - [D and B Matrices](#element-43-d-and-b-matrices)
  - [K and F Matrices](#element-43-k-and-f-matrices)
- [Element 44 Details](#element-44-details)
  - [Area, Centroid, Diameter](#element-44-area-centroid-diameter)
  - [D and B Matrices](#element-44-d-and-b-matrices)
  - [K and F Matrices](#element-44-k-and-f-matrices)
- [Element 45 Details](#element-45-details)
  - [Area, Centroid, Diameter](#element-45-area-centroid-diameter)
  - [D and B Matrices](#element-45-d-and-b-matrices)
  - [K and F Matrices](#element-45-k-and-f-matrices)
- [Element 46 Details](#element-46-details)
  - [Area, Centroid, Diameter](#element-46-area-centroid-diameter)
  - [D and B Matrices](#element-46-d-and-b-matrices)
  - [K and F Matrices](#element-46-k-and-f-matrices)
- [Element 47 Details](#element-47-details)
  - [Area, Centroid, Diameter](#element-47-area-centroid-diameter)
  - [D and B Matrices](#element-47-d-and-b-matrices)
  - [K and F Matrices](#element-47-k-and-f-matrices)
- [Element 48 Details](#element-48-details)
  - [Area, Centroid, Diameter](#element-48-area-centroid-diameter)
  - [D and B Matrices](#element-48-d-and-b-matrices)
  - [K and F Matrices](#element-48-k-and-f-matrices)
- [Element 49 Details](#element-49-details)
  - [Area, Centroid, Diameter](#element-49-area-centroid-diameter)
  - [D and B Matrices](#element-49-d-and-b-matrices)
  - [K and F Matrices](#element-49-k-and-f-matrices)
- [Element 50 Details](#element-50-details)
  - [Area, Centroid, Diameter](#element-50-area-centroid-diameter)
  - [D and B Matrices](#element-50-d-and-b-matrices)
  - [K and F Matrices](#element-50-k-and-f-matrices)
- [Element 51 Details](#element-51-details)
  - [Area, Centroid, Diameter](#element-51-area-centroid-diameter)
  - [D and B Matrices](#element-51-d-and-b-matrices)
  - [K and F Matrices](#element-51-k-and-f-matrices)
- [Element 52 Details](#element-52-details)
  - [Area, Centroid, Diameter](#element-52-area-centroid-diameter)
  - [D and B Matrices](#element-52-d-and-b-matrices)
  - [K and F Matrices](#element-52-k-and-f-matrices)
- [Element 53 Details](#element-53-details)
  - [Area, Centroid, Diameter](#element-53-area-centroid-diameter)
  - [D and B Matrices](#element-53-d-and-b-matrices)
  - [K and F Matrices](#element-53-k-and-f-matrices)
- [Element 54 Details](#element-54-details)
  - [Area, Centroid, Diameter](#element-54-area-centroid-diameter)
  - [D and B Matrices](#element-54-d-and-b-matrices)
  - [K and F Matrices](#element-54-k-and-f-matrices)
- [Element 55 Details](#element-55-details)
  - [Area, Centroid, Diameter](#element-55-area-centroid-diameter)
  - [D and B Matrices](#element-55-d-and-b-matrices)
  - [K and F Matrices](#element-55-k-and-f-matrices)
- [Element 56 Details](#element-56-details)
  - [Area, Centroid, Diameter](#element-56-area-centroid-diameter)
  - [D and B Matrices](#element-56-d-and-b-matrices)
  - [K and F Matrices](#element-56-k-and-f-matrices)
- [Element 57 Details](#element-57-details)
  - [Area, Centroid, Diameter](#element-57-area-centroid-diameter)
  - [D and B Matrices](#element-57-d-and-b-matrices)
  - [K and F Matrices](#element-57-k-and-f-matrices)
- [Element 58 Details](#element-58-details)
  - [Area, Centroid, Diameter](#element-58-area-centroid-diameter)
  - [D and B Matrices](#element-58-d-and-b-matrices)
  - [K and F Matrices](#element-58-k-and-f-matrices)
- [Element 59 Details](#element-59-details)
  - [Area, Centroid, Diameter](#element-59-area-centroid-diameter)
  - [D and B Matrices](#element-59-d-and-b-matrices)
  - [K and F Matrices](#element-59-k-and-f-matrices)
- [Element 60 Details](#element-60-details)
  - [Area, Centroid, Diameter](#element-60-area-centroid-diameter)
  - [D and B Matrices](#element-60-d-and-b-matrices)
  - [K and F Matrices](#element-60-k-and-f-matrices)
- [Element 61 Details](#element-61-details)
  - [Area, Centroid, Diameter](#element-61-area-centroid-diameter)
  - [D and B Matrices](#element-61-d-and-b-matrices)
  - [K and F Matrices](#element-61-k-and-f-matrices)
- [Element 62 Details](#element-62-details)
  - [Area, Centroid, Diameter](#element-62-area-centroid-diameter)
  - [D and B Matrices](#element-62-d-and-b-matrices)
  - [K and F Matrices](#element-62-k-and-f-matrices)
- [Element 63 Details](#element-63-details)
  - [Area, Centroid, Diameter](#element-63-area-centroid-diameter)
  - [D and B Matrices](#element-63-d-and-b-matrices)
  - [K and F Matrices](#element-63-k-and-f-matrices)
- [Element 64 Details](#element-64-details)
  - [Area, Centroid, Diameter](#element-64-area-centroid-diameter)
  - [D and B Matrices](#element-64-d-and-b-matrices)
  - [K and F Matrices](#element-64-k-and-f-matrices)
- [Element 65 Details](#element-65-details)
  - [Area, Centroid, Diameter](#element-65-area-centroid-diameter)
  - [D and B Matrices](#element-65-d-and-b-matrices)
  - [K and F Matrices](#element-65-k-and-f-matrices)
- [Element 66 Details](#element-66-details)
  - [Area, Centroid, Diameter](#element-66-area-centroid-diameter)
  - [D and B Matrices](#element-66-d-and-b-matrices)
  - [K and F Matrices](#element-66-k-and-f-matrices)
- [Element 67 Details](#element-67-details)
  - [Area, Centroid, Diameter](#element-67-area-centroid-diameter)
  - [D and B Matrices](#element-67-d-and-b-matrices)
  - [K and F Matrices](#element-67-k-and-f-matrices)
- [Element 68 Details](#element-68-details)
  - [Area, Centroid, Diameter](#element-68-area-centroid-diameter)
  - [D and B Matrices](#element-68-d-and-b-matrices)
  - [K and F Matrices](#element-68-k-and-f-matrices)
- [Element 69 Details](#element-69-details)
  - [Area, Centroid, Diameter](#element-69-area-centroid-diameter)
  - [D and B Matrices](#element-69-d-and-b-matrices)
  - [K and F Matrices](#element-69-k-and-f-matrices)
- [Element 70 Details](#element-70-details)
  - [Area, Centroid, Diameter](#element-70-area-centroid-diameter)
  - [D and B Matrices](#element-70-d-and-b-matrices)
  - [K and F Matrices](#element-70-k-and-f-matrices)
- [Element 71 Details](#element-71-details)
  - [Area, Centroid, Diameter](#element-71-area-centroid-diameter)
  - [D and B Matrices](#element-71-d-and-b-matrices)
  - [K and F Matrices](#element-71-k-and-f-matrices)
- [Element 72 Details](#element-72-details)
  - [Area, Centroid, Diameter](#element-72-area-centroid-diameter)
  - [D and B Matrices](#element-72-d-and-b-matrices)
  - [K and F Matrices](#element-72-k-and-f-matrices)
- [Element 73 Details](#element-73-details)
  - [Area, Centroid, Diameter](#element-73-area-centroid-diameter)
  - [D and B Matrices](#element-73-d-and-b-matrices)
  - [K and F Matrices](#element-73-k-and-f-matrices)
- [Element 74 Details](#element-74-details)
  - [Area, Centroid, Diameter](#element-74-area-centroid-diameter)
  - [D and B Matrices](#element-74-d-and-b-matrices)
  - [K and F Matrices](#element-74-k-and-f-matrices)
- [Element 75 Details](#element-75-details)
  - [Area, Centroid, Diameter](#element-75-area-centroid-diameter)
  - [D and B Matrices](#element-75-d-and-b-matrices)
  - [K and F Matrices](#element-75-k-and-f-matrices)
- [Element 76 Details](#element-76-details)
  - [Area, Centroid, Diameter](#element-76-area-centroid-diameter)
  - [D and B Matrices](#element-76-d-and-b-matrices)
  - [K and F Matrices](#element-76-k-and-f-matrices)
- [Element 77 Details](#element-77-details)
  - [Area, Centroid, Diameter](#element-77-area-centroid-diameter)
  - [D and B Matrices](#element-77-d-and-b-matrices)
  - [K and F Matrices](#element-77-k-and-f-matrices)
- [Element 78 Details](#element-78-details)
  - [Area, Centroid, Diameter](#element-78-area-centroid-diameter)
  - [D and B Matrices](#element-78-d-and-b-matrices)
  - [K and F Matrices](#element-78-k-and-f-matrices)
- [Element 79 Details](#element-79-details)
  - [Area, Centroid, Diameter](#element-79-area-centroid-diameter)
  - [D and B Matrices](#element-79-d-and-b-matrices)
  - [K and F Matrices](#element-79-k-and-f-matrices)
- [Element 80 Details](#element-80-details)
  - [Area, Centroid, Diameter](#element-80-area-centroid-diameter)
  - [D and B Matrices](#element-80-d-and-b-matrices)
  - [K and F Matrices](#element-80-k-and-f-matrices)
- [Element 81 Details](#element-81-details)
  - [Area, Centroid, Diameter](#element-81-area-centroid-diameter)
  - [D and B Matrices](#element-81-d-and-b-matrices)
  - [K and F Matrices](#element-81-k-and-f-matrices)
- [Element 82 Details](#element-82-details)
  - [Area, Centroid, Diameter](#element-82-area-centroid-diameter)
  - [D and B Matrices](#element-82-d-and-b-matrices)
  - [K and F Matrices](#element-82-k-and-f-matrices)
- [Element 83 Details](#element-83-details)
  - [Area, Centroid, Diameter](#element-83-area-centroid-diameter)
  - [D and B Matrices](#element-83-d-and-b-matrices)
  - [K and F Matrices](#element-83-k-and-f-matrices)
- [Element 84 Details](#element-84-details)
  - [Area, Centroid, Diameter](#element-84-area-centroid-diameter)
  - [D and B Matrices](#element-84-d-and-b-matrices)
  - [K and F Matrices](#element-84-k-and-f-matrices)
- [Element 85 Details](#element-85-details)
  - [Area, Centroid, Diameter](#element-85-area-centroid-diameter)
  - [D and B Matrices](#element-85-d-and-b-matrices)
  - [K and F Matrices](#element-85-k-and-f-matrices)
- [Element 86 Details](#element-86-details)
  - [Area, Centroid, Diameter](#element-86-area-centroid-diameter)
  - [D and B Matrices](#element-86-d-and-b-matrices)
  - [K and F Matrices](#element-86-k-and-f-matrices)
- [Element 87 Details](#element-87-details)
  - [Area, Centroid, Diameter](#element-87-area-centroid-diameter)
  - [D and B Matrices](#element-87-d-and-b-matrices)
  - [K and F Matrices](#element-87-k-and-f-matrices)
- [Element 88 Details](#element-88-details)
  - [Area, Centroid, Diameter](#element-88-area-centroid-diameter)
  - [D and B Matrices](#element-88-d-and-b-matrices)
  - [K and F Matrices](#element-88-k-and-f-matrices)
- [Element 89 Details](#element-89-details)
  - [Area, Centroid, Diameter](#element-89-area-centroid-diameter)
  - [D and B Matrices](#element-89-d-and-b-matrices)
  - [K and F Matrices](#element-89-k-and-f-matrices)
- [Element 90 Details](#element-90-details)
  - [Area, Centroid, Diameter](#element-90-area-centroid-diameter)
  - [D and B Matrices](#element-90-d-and-b-matrices)
  - [K and F Matrices](#element-90-k-and-f-matrices)
- [Element 91 Details](#element-91-details)
  - [Area, Centroid, Diameter](#element-91-area-centroid-diameter)
  - [D and B Matrices](#element-91-d-and-b-matrices)
  - [K and F Matrices](#element-91-k-and-f-matrices)
- [Element 92 Details](#element-92-details)
  - [Area, Centroid, Diameter](#element-92-area-centroid-diameter)
  - [D and B Matrices](#element-92-d-and-b-matrices)
  - [K and F Matrices](#element-92-k-and-f-matrices)
- [Element 93 Details](#element-93-details)
  - [Area, Centroid, Diameter](#element-93-area-centroid-diameter)
  - [D and B Matrices](#element-93-d-and-b-matrices)
  - [K and F Matrices](#element-93-k-and-f-matrices)
- [Element 94 Details](#element-94-details)
  - [Area, Centroid, Diameter](#element-94-area-centroid-diameter)
  - [D and B Matrices](#element-94-d-and-b-matrices)
  - [K and F Matrices](#element-94-k-and-f-matrices)
- [Element 95 Details](#element-95-details)
  - [Area, Centroid, Diameter](#element-95-area-centroid-diameter)
  - [D and B Matrices](#element-95-d-and-b-matrices)
  - [K and F Matrices](#element-95-k-and-f-matrices)
- [Element 96 Details](#element-96-details)
  - [Area, Centroid, Diameter](#element-96-area-centroid-diameter)
  - [D and B Matrices](#element-96-d-and-b-matrices)
  - [K and F Matrices](#element-96-k-and-f-matrices)
- [Element 97 Details](#element-97-details)
  - [Area, Centroid, Diameter](#element-97-area-centroid-diameter)
  - [D and B Matrices](#element-97-d-and-b-matrices)
  - [K and F Matrices](#element-97-k-and-f-matrices)
- [Element 98 Details](#element-98-details)
  - [Area, Centroid, Diameter](#element-98-area-centroid-diameter)
  - [D and B Matrices](#element-98-d-and-b-matrices)
  - [K and F Matrices](#element-98-k-and-f-matrices)
- [Element 99 Details](#element-99-details)
  - [Area, Centroid, Diameter](#element-99-area-centroid-diameter)
  - [D and B Matrices](#element-99-d-and-b-matrices)
  - [K and F Matrices](#element-99-k-and-f-matrices)
- [Element 100 Details](#element-100-details)
  - [Area, Centroid, Diameter](#element-100-area-centroid-diameter)
  - [D and B Matrices](#element-100-d-and-b-matrices)
  - [K and F Matrices](#element-100-k-and-f-matrices)
- [Boundary Conditions](#boundary-conditions)
- [Final Solution (u)](#final-solution)

[Back to top](#table-of-contents)

## Number of DOFs
Number of DOFs: 239

## Initial Stiffness Matrix
Initial K: sparse(Int64[], Int64[], Float64[], 239, 239)

## Initial Forcing Vector
Initial F: [0.0, 0.0, 0.0, 0.0, 0.0, 0.0, 0.0, 0.0, 0.0, 0.0, 0.0, 0.0, 0.0, 0.0, 0.0, 0.0, 0.0, 0.0, 0.0, 0.0, 0.0, 0.0, 0.0, 0.0, 0.0, 0.0, 0.0, 0.0, 0.0, 0.0, 0.0, 0.0, 0.0, 0.0, 0.0, 0.0, 0.0, 0.0, 0.0, 0.0, 0.0, 0.0, 0.0, 0.0, 0.0, 0.0, 0.0, 0.0, 0.0, 0.0, 0.0, 0.0, 0.0, 0.0, 0.0, 0.0, 0.0, 0.0, 0.0, 0.0, 0.0, 0.0, 0.0, 0.0, 0.0, 0.0, 0.0, 0.0, 0.0, 0.0, 0.0, 0.0, 0.0, 0.0, 0.0, 0.0, 0.0, 0.0, 0.0, 0.0, 0.0, 0.0, 0.0, 0.0, 0.0, 0.0, 0.0, 0.0, 0.0, 0.0, 0.0, 0.0, 0.0, 0.0, 0.0, 0.0, 0.0, 0.0, 0.0, 0.0, 0.0, 0.0, 0.0, 0.0, 0.0, 0.0, 0.0, 0.0, 0.0, 0.0, 0.0, 0.0, 0.0, 0.0, 0.0, 0.0, 0.0, 0.0, 0.0, 0.0, 0.0, 0.0, 0.0, 0.0, 0.0, 0.0, 0.0, 0.0, 0.0, 0.0, 0.0, 0.0, 0.0, 0.0, 0.0, 0.0, 0.0, 0.0, 0.0, 0.0, 0.0, 0.0, 0.0, 0.0, 0.0, 0.0, 0.0, 0.0, 0.0, 0.0, 0.0, 0.0, 0.0, 0.0, 0.0, 0.0, 0.0, 0.0, 0.0, 0.0, 0.0, 0.0, 0.0, 0.0, 0.0, 0.0, 0.0, 0.0, 0.0, 0.0, 0.0, 0.0, 0.0, 0.0, 0.0, 0.0, 0.0, 0.0, 0.0, 0.0, 0.0, 0.0, 0.0, 0.0, 0.0, 0.0, 0.0, 0.0, 0.0, 0.0, 0.0, 0.0, 0.0, 0.0, 0.0, 0.0, 0.0, 0.0, 0.0, 0.0, 0.0, 0.0, 0.0, 0.0, 0.0, 0.0, 0.0, 0.0, 0.0, 0.0, 0.0, 0.0, 0.0, 0.0, 0.0, 0.0, 0.0, 0.0, 0.0, 0.0, 0.0, 0.0, 0.0, 0.0, 0.0, 0.0, 0.0, 0.0, 0.0, 0.0, 0.0, 0.0, 0.0, 0.0, 0.0, 0.0, 0.0, 0.0, 0.0]

## Initial Degrees of Freedom (u)
Initial u: [0.0, 0.0, 0.0, 0.0, 0.0, 0.0, 0.0, 0.0, 0.0, 0.0, 0.0, 0.0, 0.0, 0.0, 0.0, 0.0, 0.0, 0.0, 0.0, 0.0, 0.0, 0.0, 0.0, 0.0, 0.0, 0.0, 0.0, 0.0, 0.0, 0.0, 0.0, 0.0, 0.0, 0.0, 0.0, 0.0, 0.0, 0.0, 0.0, 0.0, 0.0, 0.0, 0.0, 0.0, 0.0, 0.0, 0.0, 0.0, 0.0, 0.0, 0.0, 0.0, 0.0, 0.0, 0.0, 0.0, 0.0, 0.0, 0.0, 0.0, 0.0, 0.0, 0.0, 0.0, 0.0, 0.0, 0.0, 0.0, 0.0, 0.0, 0.0, 0.0, 0.0, 0.0, 0.0, 0.0, 0.0, 0.0, 0.0, 0.0, 0.0, 0.0, 0.0, 0.0, 0.0, 0.0, 0.0, 0.0, 0.0, 0.0, 0.0, 0.0, 0.0, 0.0, 0.0, 0.0, 0.0, 0.0, 0.0, 0.0, 0.0, 0.0, 0.0, 0.0, 0.0, 0.0, 0.0, 0.0, 0.0, 0.0, 0.0, 0.0, 0.0, 0.0, 0.0, 0.0, 0.0, 0.0, 0.0, 0.0, 0.0, 0.0, 0.0, 0.0, 0.0, 0.0, 0.0, 0.0, 0.0, 0.0, 0.0, 0.0, 0.0, 0.0, 0.0, 0.0, 0.0, 0.0, 0.0, 0.0, 0.0, 0.0, 0.0, 0.0, 0.0, 0.0, 0.0, 0.0, 0.0, 0.0, 0.0, 0.0, 0.0, 0.0, 0.0, 0.0, 0.0, 0.0, 0.0, 0.0, 0.0, 0.0, 0.0, 0.0, 0.0, 0.0, 0.0, 0.0, 0.0, 0.0, 0.0, 0.0, 0.0, 0.0, 0.0, 0.0, 0.0, 0.0, 0.0, 0.0, 0.0, 0.0, 0.0, 0.0, 0.0, 0.0, 0.0, 0.0, 0.0, 0.0, 0.0, 0.0, 0.0, 0.0, 0.0, 0.0, 0.0, 0.0, 0.0, 0.0, 0.0, 0.0, 0.0, 0.0, 0.0, 0.0, 0.0, 0.0, 0.0, 0.0, 0.0, 0.0, 0.0, 0.0, 0.0, 0.0, 0.0, 0.0, 0.0, 0.0, 0.0, 0.0, 0.0, 0.0, 0.0, 0.0, 0.0, 0.0, 0.0, 0.0, 0.0, 0.0, 0.0, 0.0, 0.0, 0.0, 0.0, 0.0, 0.0]

[Back to top](#table-of-contents)

## Element 1 Details
- Vertex IDs: [188, 189, 190, 231, 230, 226]
- Vertices: [(-0.3492403863083393, 0.19234106641208237), (-0.2136616654498552, 0.1596120744266747), (-0.1581434361703118, 0.2518517431485683), (-0.20854635551081735, 0.3641162937760136), (-0.37126742100884247, 0.3362015849590305), (-0.3853710573595619, 0.309268823981212)]
- Number of sides: 6

[Back to top](#table-of-contents)

### Element 1 Area, Centroid, and Diameter
- Area components: [-0.014647069948240554, -0.028569460983466376, -0.0050598387006571335, 0.06507090207735239, 0.014740921603679943, 0.03388648342343438]
- Area: 0.032710968736051324
- Centroid: [-0.27031413954848654 0.2652314161826852]
- Diameter: 0.2366926898224283

[Back to top](#table-of-contents)

### Element 1 D and B Matrices
- D Matrix: [1.0 0.0 0.0; 1.0 0.0 0.0; 1.0 0.0 0.0; 1.0 0.0 0.0; 1.0 0.0 0.0; 1.0 0.0 0.0]
- B Matrix: [0.16666666666666666 0.16666666666666666 0.16666666666666666 0.16666666666666666 0.16666666666666666 0.16666666666666666; 0.0 0.0 0.0 0.0 0.0 0.0; 0.0 0.0 0.0 0.0 0.0 0.0]
[Back to top](#table-of-contents)

- Projector: [0.1517593355002692 0.1871337224091423 0.2004766194529749 0.16854714013073926 0.14776404504675594 0.14431913746011849; -0.5414492442577071 0.2153060990576492 0.7398841371592173 0.3051727251692622 -0.19843489290151017 -0.5204788242269114; -0.6212343964318207 -0.6913774322920321 -0.01850688798787969 0.7710699374902658 0.6397412844197002 -0.07969250519823369]
- Stabilising Term: [0.5116738181548596 -0.33930276533042314 -0.0024396024993457678 0.24079799087268466 -0.15955706134313086 -0.2511723798546446; -0.33930276533042314 0.43729016711181345 -0.33156568036535394 0.060687494093982976 0.12636745886233097 0.04652332562764959; -0.0024396024993457678 -0.33156568036535394 0.5409307387820449 -0.3782736611142178 0.0705355800795893 0.1008126251172832; 0.24079799087268466 0.060687494093982976 -0.3782736611142178 0.3963909704462824 -0.23102529131913874 -0.08857750297959356; -0.15955706134313086 0.12636745886233097 0.0705355800795893 -0.23102529131913874 0.6303176105888699 -0.4366382968685206; -0.2511723798546446 0.04652332562764959 0.1008126251172832 -0.08857750297959356 -0.4366382968685206 0.629052228957826]
- G Matrix: [0.0 0.0 0.0; 5.551115123125783e-17 0.5838801565238244 -1.3802009776791792e-17; -4.163336342344337e-17 5.804025218169699e-18 0.5838801565238244]
- Local Stiffness: [0.9081865168146485 -0.15658907949666587 -0.22963472333801407 -0.13536721372538218 -0.3288746391642514 -0.057720861090335; -0.15658907949666587 0.7434532566318433 -0.23108176682401876 -0.21221505751859202 -0.1568301405127614 0.013262787720194784; -0.22963472333801402 -0.23108176682401876 0.8607633801288403 -0.2547699562546072 -0.022101940428537845 -0.12317499328366252; -0.13536721372538218 -0.21221505751859202 -0.25476995625460724 0.7979132331376547 0.02163620841931746 -0.21719721405839088; -0.3288746391642514 -0.15683014051276145 -0.022101940428537845 0.02163620841931746 0.8922727089181176 -0.40610219723188445; -0.057720861090335 0.013262787720194777 -0.12317499328366255 -0.21719721405839088 -0.40610219723188445 0.7909324779440781]

[Back to top](#table-of-contents)

### Element 1 K and F Matrices
- RHS value: [-8.334826719069834]
- Updated K and F Matrices

[Back to top](#table-of-contents)

## Element 2 Details
- Vertex IDs: [77, 27, 111, 112, 71, 79]
- Vertices: [(-0.8226153612057122, 0.07470533779824584), (-0.7091792428329672, 0.016173245973725603), (-0.6458732357522816, 0.04097123867003871), (-0.6094282318787643, 0.13816782678727013), (-0.7714979814858762, 0.2444245443315094), (-0.8333827217805545, 0.18759412007035992)]
- Number of sides: 6

[Back to top](#table-of-contents)

### Element 2 Area, Centroid, and Diameter
- Area components: [0.03967511431679591, -0.018610085308279123, -0.06426987182339039, -0.04236301840705532, 0.05897070705206334, 0.09205966709590901]
- Area: 0.03273125646302172
- Centroid: [-0.7305443090287184 0.12447219947229221]
- Diameter: 0.23911257667720057

[Back to top](#table-of-contents)

### Element 2 D and B Matrices
- D Matrix: [1.0 0.0 0.0; 1.0 0.0 0.0; 1.0 0.0 0.0; 1.0 0.0 0.0; 1.0 0.0 0.0; 1.0 0.0 0.0]
- B Matrix: [0.16666666666666666 0.16666666666666666 0.16666666666666666 0.16666666666666666 0.16666666666666666 0.16666666666666666; 0.0 0.0 0.0 0.0 0.0 0.0; 0.0 0.0 0.0 0.0 0.0 0.0]
[Back to top](#table-of-contents)

- Projector: [0.14869922729855597 0.14576067775680107 0.1579954208199038 0.1855066163212734 0.1933053518815403 0.16873270592192557; -0.6261428880344327 -0.1232193358287757 0.4456052365716093 0.7431466036931536 0.18053765146282355 -0.6199272678643779; -0.45367359968264875 -0.6455796323052811 -0.36435694551417097 0.458865009974702 0.8180305451968197 0.18671462233057923]
- Stabilising Term: [0.48981623992248374 -0.31683796691997523 -0.08360527396826387 0.22332457397883054 -0.004191815497707322 -0.3085057575153678; -0.31683796691997523 0.5703677011411941 -0.3408910006315688 -0.0597681622517879 0.15957892745585625 -0.01244949879371837; -0.08360527396826387 -0.3408910006315688 0.6044760329432879 -0.333746618005002 0.07496387101573267 0.07880298864581405; 0.22332457397883054 -0.0597681622517879 -0.333746618005002 0.37652617531983074 -0.2702649017232434 0.06392893268137205; -0.004191815497707322 0.15957892745585625 0.07496387101573267 -0.2702649017232434 0.4313741640347054 -0.39146024528534357; -0.3085057575153678 -0.01244949879371837 0.07880298864581405 0.06392893268137205 -0.39146024528534357 0.5696835802672436]
- G Matrix: [0.0 0.0 0.0; 5.551115123125783e-17 0.5724767299125658 -1.1671209803564669e-17; -1.249000902703301e-16 -2.8329486415029106e-17 0.5724767299125658]
- Local Stiffness: [0.8320855651878005 -0.1050013418223395 -0.14870356234812102 -0.16223329494522554 -0.28136285238316694 -0.13478451368894742; -0.1050013418223395 0.8176524974823045 -0.23766529323186575 -0.28177689100686787 -0.15548340504148253 -0.03772556637974879; -0.14870356234812102 -0.23766529323186575 0.7941490291687238 -0.23988369705821622 -0.04961083682984599 -0.11828563970067478; -0.16223329494522554 -0.28177689100686787 -0.23988369705821622 0.8132251482862646 0.021430046254026947 -0.1507613115299818; -0.28136285238316694 -0.15548340504148253 -0.04961083682984603 0.02143004625402689 0.8331199087657437 -0.36809286076527514; -0.13478451368894742 -0.0377255663797488 -0.11828563970067481 -0.15076131152998185 -0.36809286076527514 0.8096498920646279]

[Back to top](#table-of-contents)

### Element 2 K and F Matrices
- RHS value: [-4.282112072562432]
- Updated K and F Matrices

[Back to top](#table-of-contents)

## Element 3 Details
- Vertex IDs: [215, 214, 216, 217, 218, 219]
- Vertices: [(-0.30936920600865225, -0.5901541618730098), (-0.22940691363629628, -0.6733353786406708), (-0.11809559427999317, -0.6514086565371455), (-0.09097451147534286, -0.55758790143784), (-0.15978086047680418, -0.4643033372569899), (-0.2023467589461515, -0.4593630689049777)]
- Number of sides: 6

[Back to top](#table-of-contents)

### Element 3 Area, Centroid, and Diameter
- Area components: [0.07292378662269716, 0.06991970772183849, 0.006587090284359748, -0.04685210539986753, -0.020552849040930993, -0.022697005963244768]
- Area: 0.029664312112426046
- Centroid: [-0.19191658305056303 -0.573333682430553]
- Diameter: 0.22080942896314193

[Back to top](#table-of-contents)

### Element 3 D and B Matrices
- D Matrix: [1.0 0.0 0.0; 1.0 0.0 0.0; 1.0 0.0 0.0; 1.0 0.0 0.0; 1.0 0.0 0.0; 1.0 0.0 0.0]
- B Matrix: [0.16666666666666666 0.16666666666666666 0.16666666666666666 0.16666666666666666 0.16666666666666666 0.16666666666666666; 0.0 0.0 0.0 0.0 0.0 0.0; 0.0 0.0 0.0 0.0 0.0 0.0]
[Back to top](#table-of-contents)

- Projector: [0.1882941227845697 0.19737388571307948 0.1702167080818638 0.13970510972548122 0.14148916913356654 0.16292100456143938; -0.7963627025565114 -0.22797713860602067 0.4307892636818527 0.6963690671409716 0.36557343887465876 -0.46839192853495093; 0.1007125545696075 -0.7118826288884539 -0.5152180767804131 0.1551443328638444 0.41450552221080567 0.5567382960246094]
- Stabilising Term: [0.3673178745431017 -0.38689806980375663 0.0662166355053184 0.22658028572433367 -0.046324598352440696 -0.22689212761655642; -0.38689806980375663 0.5352566447600523 -0.3044717804517867 -0.06222075922821511 0.13294955636099529 0.0853844083627109; 0.0662166355053184 -0.3044717804517867 0.4862625090048367 -0.3752456989585944 -0.007720099703606876 0.13495843460383292; 0.22658028572433367 -0.06222075922821511 -0.3752456989585944 0.579783811080213 -0.24412654314730212 -0.1247710954704351; -0.046324598352440696 0.13294955636099529 -0.007720099703606876 -0.24412654314730212 0.62207574155352 -0.4568540567111656; -0.22689212761655642 0.0853844083627109 0.13495843460383292 -0.1247710954704351 -0.4568540567111656 0.5881744368316133]
- G Matrix: [0.0 0.0 0.0; 5.551115123125783e-17 0.608413795163646 8.635589063190311e-18; 0.0 1.5150690416686874e-17 0.6084137951636461]
- Local Stiffness: [0.7593411340846298 -0.32005957247572114 -0.17407848032031759 -0.10131664503178009 -0.1980527420683328 0.03416630581152186; -0.32005957247572114 0.8752081284436013 -0.1410733149538271 -0.22600622919931457 -0.09728740646499984 -0.09078160534973866; -0.17407848032031756 -0.1410733149538271 0.7606748089046912 -0.24136110824773954 -0.04183728377782545 -0.16232462160498148; -0.10131664503178009 -0.22600622919931457 -0.24136110824773951 0.8894662148180992 -0.0501142031020432 -0.2706680292372218; -0.1980527420683328 -0.09728740646499984 -0.041837283777825446 -0.0501142031020432 0.8079210693436307 -0.4206294339304294; 0.0341663058115218 -0.09078160534973866 -0.16232462160498148 -0.2706680292372218 -0.4206294339304294 0.9102373843108496]

[Back to top](#table-of-contents)

### Element 3 K and F Matrices
- RHS value: [8.281062084037337]
- Updated K and F Matrices

[Back to top](#table-of-contents)

## Element 4 Details
- Vertex IDs: [198, 58, 57, 106, 148, 199]
- Vertices: [(0.40257216028885257, -0.4490888581875162), (0.49218546411185704, -0.44553377127456517), (0.5398733958204953, -0.3456316153804557), (0.470911804157748, -0.25063795421225565), (0.3334654049986774, -0.33203195575860556), (0.3315548999939937, -0.3472132276916372)]
- Number of sides: 6

[Back to top](#table-of-contents)

### Element 4 Area, Centroid, and Diameter
- Area components: [0.0416755153108454, 0.07041697302295089, 0.027449244110694992, -0.07277868041488071, -0.005696777706735184, -0.009119232312091108]
- Area: 0.025973521005392138
- Centroid: [0.4407345963417472 -0.3582196912831397]
- Diameter: 0.20988822790410505

[Back to top](#table-of-contents)

### Element 4 D and B Matrices
- D Matrix: [1.0 0.0 0.0; 1.0 0.0 0.0; 1.0 0.0 0.0; 1.0 0.0 0.0; 1.0 0.0 0.0; 1.0 0.0 0.0]
- B Matrix: [0.16666666666666666 0.16666666666666666 0.16666666666666666 0.16666666666666666 0.16666666666666666 0.16666666666666666; 0.0 0.0 0.0 0.0 0.0 0.0; 0.0 0.0 0.0 0.0 0.0 0.0]
[Back to top](#table-of-contents)

- Projector: [0.13264281161601948 0.18200676499929613 0.21426281750387938 0.1836760271890295 0.15309437088010122 0.13431720781167442; -0.3972569728783588 0.418011430797363 0.7874623094157818 0.05494843108750191 -0.39020533653742295 -0.47295986188486494; -0.6490160583722155 -0.5547556107005677 0.0859546687542962 0.8339764063918088 0.5630613896179194 -0.27922079569124125]
- Stabilising Term: [0.5905117384350775 -0.3929888814080812 -0.06461590628164607 0.25100873429482795 -0.17252603291181745 -0.21138965212836086; -0.3929888814080812 0.49077494780929465 -0.29531873258987734 0.07470718777727454 0.09679572524473358 0.026029753166655786; -0.06461590628164607 -0.29531873258987734 0.5121293910369817 -0.39366561624093493 0.10471387998085495 0.13675698409462178; 0.25100873429482795 0.07470718777727454 -0.39366561624093493 0.37704056262371644 -0.1892624476837465 -0.11982842077113755; -0.17252603291181745 0.09679572524473358 0.10471387998085495 -0.1892624476837465 0.6622149889531579 -0.5019361135831826; -0.21138965212836086 0.026029753166655786 0.13675698409462178 -0.11982842077113755 -0.5019361135831826 0.6703674492214033]
- G Matrix: [0.0 0.0 0.0; 0.0 0.5895961861264679 -8.776895987634781e-18; -2.7755575615628914e-17 -1.1721609611828076e-18 0.5895961861264678]
- Local Stiffness: [0.9319085345404463 -0.27861468311706605 -0.28194745973369617 -0.0809885902452856 -0.2965912755651361 0.006233474120737603; -0.27861468311706605 0.7752476456158327 -0.1293565968792718 -0.18452883253603936 -0.1835406087568871 0.0007930756734316861; -0.28194745973369617 -0.12935659687927184 0.8820922092110055 -0.3258891855746598 -0.04791738474111874 -0.09698158228225887; -0.0809885902452856 -0.18452883253603936 -0.3258891855746598 0.7888947102385778 0.07495844619009195 -0.2724465480726851; -0.2965912755651361 -0.1835406087568871 -0.04791738474111874 0.0749584461900919 0.9389114963284502 -0.48582067345540036; 0.006233474120737603 0.0007930756734316723 -0.09698158228225887 -0.2724465480726851 -0.48582067345540036 0.848222254016175]

[Back to top](#table-of-contents)

### Element 4 K and F Matrices
- RHS value: [-13.302523040612249]
- Updated K and F Matrices

[Back to top](#table-of-contents)

## Element 5 Details
- Vertex IDs: [42, 49, 50, 14, 11, 41]
- Vertices: [(0.36832874454880926, -0.8104665033435886), (0.4243617374168034, -0.8081309392347037), (0.5049337311276765, -0.6841350501065839), (0.4812404878837506, -0.6346992442350522), (0.38037985417577147, -0.6100405333805075), (0.307380924106641, -0.7019185706136684)]
- Number of sides: 6

[Back to top](#table-of-contents)

### Element 5 Area, Centroid, and Diameter
- Area components: [0.04627311919763827, 0.11773183189653075, 0.00875242775614532, -0.05214939794529733, -0.07948086064028456, 0.009414843134396916]
- Area: 0.025270981699564682
- Centroid: [0.40549959797094975 -0.7068618839306717]
- Diameter: 0.20890952864209678

[Back to top](#table-of-contents)

### Element 5 D and B Matrices
- D Matrix: [1.0 0.0 0.0; 1.0 0.0 0.0; 1.0 0.0 0.0; 1.0 0.0 0.0; 1.0 0.0 0.0; 1.0 0.0 0.0]
- B Matrix: [0.16666666666666666 0.16666666666666666 0.16666666666666666 0.16666666666666666 0.16666666666666666 0.16666666666666666; 0.0 0.0 0.0 0.0 0.0 0.0; 0.0 0.0 0.0 0.0 0.0 0.0]
[Back to top](#table-of-contents)

- Projector: [0.175273936294587 0.14895501407953454 0.14589297420830674 0.16182624290665298 0.17883308949710633 0.18921874301381256; -0.4390168955122819 0.5221768719192337 0.7168604307643747 0.30626136230543144 -0.27784353525209277 -0.8284382342246652; -0.4835270520815612 -0.5646413680249458 -0.23510192621456594 0.5148294600089964 0.7186289782961272 0.0498119080159494]
- Stabilising Term: [0.5609380507458547 -0.4583939586445509 -0.023659096715729272 0.11689755260717533 0.05185706097282006 -0.24763960896556994; -0.4583939586445509 0.5703303805317014 -0.23103882714160287 -0.04148619425525987 0.19281846142790973 -0.032229861918197565; -0.023659096715729272 -0.23103882714160287 0.5598620154276011 -0.43739599883776503 -0.08339512437949215 0.21562703164698832; 0.11689755260717533 -0.04148619425525987 -0.43739599883776503 0.5925689672331558 -0.2587234783340038 0.02813915158669757; 0.05185706097282006 0.19281846142790973 -0.08339512437949215 -0.2587234783340038 0.48959425407134693 -0.3921511737585809; -0.24763960896556994 -0.032229861918197565 0.21562703164698832 0.02813915158669757 -0.3921511737585809 0.42825446140866247]
